2.81985349435151,-7.7748995051926,-3.543417256941749,1.2138598716461637,-3.119487022939107,3.7168164715296563,-1.9099713408808814,-2.2217241574664346,4.453271153229439,4.689830718857705,4.523149554885027,-0.5776885094939956,1.9848736287907505,-3.1139718378826644,5.813804330687862,6.994149177272647,-3.3933659132708796,0.966946448859737,8.632098467445777,1.4980982185090586,-0.9208871814367257,2.3688346790111225,-3.3821485941557903,-0.6292729206036896,1.3090230763885886,-1.5185891338546176,0.39335059841294306,-1.9037119031949739,6.080718340843378,-1.3111700372543753,-6.6309722229235,-0.04321727061453462,-0.3923286897203675,-1.3155762176595136,3.149610860564133,0.053817028712435544,-2.601978387932009,-1.2186813302233972,1.95573197488266,-4.481315429337101,2.7544456278043823,-0.3109146622765757,2.0208911097429283,-0.9560781813499668,-0.007730544065374989,-8.587878087466265,-3.593904538473021,6.523869291320696,-2.839076763598494,4.548516273430759,4.094420095367045,-3.316425942578368,-2.3074986418488206,5.328683841776095,-0.41484507009879534,-0.8953382660581717,6.97736875709346,-5.76887855753713,8.502124433715007,1.0236073805516002,4.380424016058258,3.948164406274614,-0.03680874711493498,-2.317871897691804,1.6628013791016905,3.4443589698906685,-0.15333505074897058,-0.17542908083441988,5.059898341375643,-3.6510469657583133,-0.960218834898336,-3.325678134110796,1.1674367785668611,1.6332044829904349,4.241286243110331,-1.210556789917467,3.712512580097642,0.7847775346823767,0.6904673621126203,3.8908562837971115,-4.769740499956189,4.888641932986593,1.9339832088497184,-0.8856736013347479,-5.883658715739754,-1.0767782841965188,-1.3128043329062997,0.08492382247719243,-0.31095805190024395,4.8574146126287765,-3.9835615272001643,5.286464672783433,-2.6242705231804004,-0.7997227258148669,4.874386506128129,-0.552935997619667,1.836130080111738,4.153216450657524,0.31561524696917376,-0.3712726735141727,1.3485254641168538,1.450075732094696,0.9518575090517061,-2.88679553751114,-1.7638450712668172,-1.6564482881003926,-2.623608945061217,-6.981872040662298,0.499777021554892,-4.993077822813482,0.3944075729940497,-3.1432477794991014,-0.8514828456050951,-6.131885520867996,0.9411397219961009,-5.0285905991739615,6.984799176354157,-0.9213089704066624,1.5519428732783336,2.9250934652929734,1.8003331704094183,5.443372949990284,2.168448599003259,3.5273806056902,0.07879788026184542,6.696272188918754,4.922332964641365,-0.7998090002825786,-3.6229648086442294,-4.991951567474893,2.3331597105793778,7.855695543480167,1.5702404141491306,1.0437536114107613,0.08918361816909925,-1.6370351021357812,1.0978074747865687,8.764174206793037
numHidden 	15
numGenes 	138
minGene 	-3.0
maxGene 	3.0
popSize 	200
maxEvaluations 	20000
tournamentSize 	50
mutateRate 	0.3
mutateChange 	1.0
seed 	1645877743465
random 	java.util.Random@7500442c
neuralNetworkClass 	class coursework.EvolutionaryAlgorithm
Training Set Training
Fitness 0.00960297838424581