-2.8967980668300077,0.06699300187045507,2.1234070604013344,2.4983055638343417,2.5960841157551444,-0.5769940351510969,1.3731287400803867,-0.9669672732610493,1.63291633091313,-0.8465946691776637,1.0530463038135345,-0.7673814049478107,0.2191877405936733,1.1529911459890774,0.22239352802043452,0.5249198302351984,2.379424036069184,2.3123231229597807,2.184464082206278,0.03324120061934116,-0.8358172106925629,-2.6154813141590356,-1.1718254003863315,0.8664082375360929,0.11896601242217689,1.0642098751041917,0.9742883387357031,-2.369118874581795,1.9922376879004768,2.3768417548199583,-2.7209282076164807,-2.800386558983221,1.8702748626438606,1.983913587045652,0.9274507407945137,2.998533937225467,-0.6253655498666411,-2.545311927717127,-2.535468448893373,-0.6648020189372144,2.743557782181595,-0.1626829469339195,0.5686481626432962,-1.5046706057367902,0.1416897155901875,2.782250037784529,0.5608951794330705,-2.428354737959822
numHidden 	5
numGenes 	48
minGene 	-3.0
maxGene 	3.0
popSize 	200
maxEvaluations 	5000
tournamentSize 	4
mutateRate 	0.04
mutateChange 	0.1
seed 	1645284133563
random 	java.util.Random@369f73a2
neuralNetworkClass 	class coursework.ExampleEvolutionaryAlgorithm
Training Set Training
Fitness 0.12873919989654417