-1.1379296217538917,-0.36139907655325254,1.5371030872346254,1.1949073017867695,2.2228289882872163,-0.13067040525991053,1.2923946479707706,-2.538437625253514,1.8444209892293646,0.4810059647153564,-1.312933939237565,2.5341493540832243,-0.8732444557104931,-1.9867503543049774,2.6818669086279816,-2.5502578841764807,-0.8419418539005962,-1.9856060823870068,2.163704765261507,-0.4342360488864687,1.4231522275031758,2.5405091790519556,0.7680740311822555,-2.4412795980513553,0.05275227104690669,0.24378510277711227,3.240925477117693,1.5319621507733894,-0.4629080458184033,0.01842140081911317,2.664671670848918,1.844184913085317,0.20182727156164307,2.006165754366162,1.2413813479033466,1.3481061055639278,-2.0937412098992887,0.5851189529932044,-0.7179228285225097,-1.8060064852431088,-0.4264688786477101,1.174410467374439,-0.5055902244896241,-2.0945430515906387,-0.10042779377749206,0.9838369305356628,-2.408160373850291,-0.024854110195214746
numHidden 	5
numGenes 	48
minGene 	-3.0
maxGene 	3.0
popSize 	200
maxEvaluations 	5000
tournamentSize 	4
mutateRate 	0.04
mutateChange 	0.1
seed 	1645284104788
random 	java.util.Random@369f73a2
neuralNetworkClass 	class coursework.ExampleEvolutionaryAlgorithm
Training Set Training
Fitness 0.09949400325805073