1.249012300414734,-0.16413877803775048,-0.8590528932227695,2.0113427826826435,0.17645893655549047,-1.4496598169261925,-1.215234719327859,1.9839944594448125,-1.0875577101062932,0.9697724198400525,1.0253919792717134,-2.02030605525998,0.01199853143308724,-2.03213028164049,1.057408105200818,2.496504150923567,0.24378554154839246,2.502494315934566,2.4488132108477165,-1.0107899702584289,1.4657723475671909,1.5530345706911568,-1.826778587552289,-1.2064310433004115,-1.5207925680041394,-3.129397458537616,-2.0884366138012913,-0.5106697457652003,-1.101695398140011,2.7158948403819085,1.9753849062289883,-1.5850523160773908,1.5867573123092868,-2.104896047826689,-2.263750116727191,-0.14878720367319512,-0.23663527807489163,-0.12268406816931848,3.2156787738603576,-2.5671730603778107,-1.632277537958474,-2.1126234575616607,1.897475830648958,0.3262318698350486,1.0031070685454655,-1.4837463769588466,0.9692213128403384,0.4288123552297156
numHidden 	5
numGenes 	48
minGene 	-3.0
maxGene 	3.0
popSize 	200
maxEvaluations 	20000
tournamentSize 	4
mutateRate 	0.04
mutateChange 	0.1
seed 	1645283087649
random 	java.util.Random@369f73a2
neuralNetworkClass 	class coursework.ExampleEvolutionaryAlgorithm
Training Set Training
Fitness 0.1291713677028068