6.891126781540631,-2.017330969773237,-4.035948164120584,4.362936384037068,3.1698824731498285,-1.8184926073434564,-5.433701424468161,0.7955592488082308,4.848996969152457,10.042940691904969,-3.8170992488239364,-4.253766580963602,5.389227094053815,-5.105150297225395,-3.0885152821425423,4.982781060375929,4.404051817872137,-2.1596768070654497,-1.4204746505463968,-0.5991229575376602,4.847931862084515,-1.9069339017499871,-0.7666608147464782,1.816953138362063,-0.26868443980380263,-1.9071027426894278,-3.4372695615281827,-0.7269057034157491,-1.7070059350224551,10.458402391392655,7.347163809770084,-1.2852955247854458,0.6053319556551848,-6.449391694592359,-0.7269846857925706,-9.412731366198608,2.5703189990258783,-0.4241593787614315,-6.327381041243569,8.021583838225446,-2.8156883935221595,-2.2522789216399,-0.12549723086715225,-0.1626225225753819,-1.19324427795415,-3.508408675171655,6.605591016844979,8.311267268284464,0.8336811854652877,1.2833634452156728,-1.6886273937951266,3.741509326454494,4.8907574794487,0.858700715491119,-3.388883400080302,3.6599258698256687,4.137169737820465,3.760806543046513,1.9531743127584091,-0.29974433663285716,-2.3796023057015168,-7.035947904749474,-0.9159633024684855,0.028163442820804185,0.11977858475084346,-4.787710724403155,-1.1753575032228243,-0.14466040178265338,4.8813009064710275,1.1254638605530385,1.7120937155984404,-9.824324489009257,2.4545560093630847,5.943874048752951,-4.9268569063110785,-1.7662890262891615,-0.27061084233707877,2.829555574938243,2.841133023568077,1.292852840722154,-1.1343689744080763,-4.774778743836717,-4.245002261432507,4.601255291592254,4.987918203265451,0.17547956478459437,2.030111726699956,6.826295263750162,-6.31246642571924,1.356850937403272,-1.02056287917706,0.03912508532905257,-7.519380151584541
numHidden 	10
numGenes 	93
minGene 	-3.0
maxGene 	3.0
popSize 	200
maxEvaluations 	20000
tournamentSize 	50
mutateRate 	0.5
mutateChange 	1.0
seed 	1645467764913
random 	java.util.Random@7c3c2b6
neuralNetworkClass 	class coursework.EvolutionaryAlgorithm
Training Set Training
Fitness 0.00839360685893747