-10.515337028432889,3.154431321493009,4.502645819315834,-0.2345634474903644,3.0496687791990107,1.4145301053896704,5.103082635926404,6.7329782071079585,-1.7443337970051251,4.889732056821835,2.9777558293887303,3.8582053380116976,-7.821019265780468,8.194737226205987,5.969168145257909,-9.332493444871579,2.4389653504543487,3.492660386492383,-5.77155954496714,5.596917125090662,1.2103581296223602,4.551266607357748,9.211711670665476,-2.4792674645672514,-3.8960844597938546,3.7563378360344473,-3.5759445915612895,-3.5829702066432425,-7.0942599237025945,1.5447515001999732,5.701139286762422,8.112173830829606,1.8122036191430224,0.6007196297860844,5.30907994156626,-1.4790036004839786,-0.36864625925994376,-0.27301106684012044,1.820686774210234,6.961443389569684,3.443171341375671,9.558669593690222,-10.408480185195627,-2.0279032751788204,-1.5799622359615952,0.2307120722107907,2.7119192199002997,-0.4019144346413528,-0.0947528880717261,-4.229080206956269,-0.386770618570651,-3.8577092962587374,-6.318322133469568,-4.602172741707637,-4.507796531015081,-1.8416811973449598,0.6318653814164192,-0.4436042951360566,-1.0629554180331633,1.9141720476080382,6.412983380812708,0.7292319233813931,2.95443136882534,2.1656975221552424,4.260715578220703,0.4399483491284988,0.362849675051379,0.4341335670759108,6.627497510229639,-8.353269554043841,-0.6095501717896701,-7.60341826159766,-1.6064518445723737,-6.324783290376446,0.16109027317729918,5.958989027991514,-6.055069374703986,2.654404510187712,1.6815395029510247,-5.520970972568875,0.8369901708485008,-1.7711668237550038,-4.33722844113082,-1.536710137507816,-0.16951583913111445,0.9703811406428597,2.084571777809975,-4.633024310268739,3.2207935385037088,0.8516836262769925,3.979340971723186,-1.4431167302331573,-5.705616976326052,6.837507202921337,-5.430930136992679,-1.526520199861424,-2.6068379465475187,-1.4687252990308197,-5.6203093785102265,3.5025218234030064,-0.09861799343594058,-3.6177049292293963,6.6347461556308716,-7.771242011298417,10.49119175422261,-0.7848868222271745,-2.9044473627648664,2.593875056151168,0.1719547921857707,6.785749842963824,4.567764529053321
numHidden 	12
numGenes 	111
minGene 	-3.0
maxGene 	3.0
popSize 	200
maxEvaluations 	20000
tournamentSize 	50
mutateRate 	0.5
mutateChange 	1.0
seed 	1645291056476
random 	java.util.Random@c7ddcc6
neuralNetworkClass 	class coursework.EvolutionaryAlgorithm
Training Set Training
Fitness 0.017709821593145873