-10.075668878633767,-0.6390968751211386,-0.27765018159881727,4.977421069444603,4.547315162815516,-11.095144747501786,0.8245234228067613,-0.1927844293183636,5.593254164680859,-2.5280425350357696,-1.0466107672417562,2.4421289933420347,-8.837892091914158,4.416422109797668,-8.992086959331877,6.049061478293099,0.5678118064759499,1.1679356947838437,-0.6120252608534456,1.876261371550024,4.0948054360591435,-6.991562087657653,-2.2630182805159507,1.941382638906786,-4.706635150044946,-8.2459185963177,-7.010879315808871,4.584651523024633,-5.2058592526099305,-1.8710685669019878,-9.096192952033277,-1.6007110992877074,-11.489011443088522,-6.072487709620708,5.877306706192394,-2.1693657647121896,5.927335449072866,7.811354912075694,2.3664334768754074,9.952205439452845,2.9250124826040667,-1.2297547719441253,-2.258359940606704,-2.41876269715282,3.315644951005835,-4.098077391373103,-2.193249773089118,7.988026837667588,-2.1266323758870875,4.224520707704315,-2.420004772385898,-0.017280397445502693,0.648046910300943,-6.440182562168449,5.519397207151693,1.2699086631030756,-1.0940932688920082,-5.760666457105668,-9.418702015615136,2.120640004231891,3.037657695982592,0.32766144659613694,-3.6802991539114505,-6.824245234945025,1.3720380239361534,0.20332670817426823,-0.10468653677902218,1.1226692662302327,-15.912490924773621,2.507703129013701,-2.5246136790445153,-5.471025338546853,-1.3175962908774448,0.5373261200506039,-0.4774025214380089,-6.351742101645834,9.753311526409588,-0.523616569684437,-1.3666793796028127,5.552054936593541,7.282548882777933,-2.6964465640215547,0.08268383639587373,2.3374713761031782,-4.429315893300235,1.5951199789232477,-4.245591976864149,-5.229225594028736,-2.964988829108049,1.0838557186381959,2.1868083427989697,-1.4939431908717862,-0.4268683873731316
numHidden 	10
numGenes 	93
minGene 	-3.0
maxGene 	3.0
popSize 	200
maxEvaluations 	20000
tournamentSize 	50
mutateRate 	0.5
mutateChange 	1.0
seed 	1645461603089
random 	java.util.Random@4a13d258
neuralNetworkClass 	class coursework.EvolutionaryAlgorithm
Training Set Training
Fitness 0.01480407095732031