-4.643591586940312,-1.11901328396592,1.9363650900833083,2.8432946201895763,4.287276356443654,1.0826553471873286,2.720680169676349,0.8980412024936886,-4.14199776174399,-6.919305587865049,-2.4656653168857874,2.906808636473915,2.0013893983353994,-2.750210902766476,-4.88142773732692,-5.158870242339492,1.9259420807644014,1.071188753113189,-4.648173642481117,-1.5407753317171906,5.819082888406782,-0.16906854335696941,2.644243351031071,-0.6649801357285892,7.808576513916183,-4.559420140128516,1.8237809792951847,0.9351858327326426,-0.10940345260678264,-5.6401007651361965,0.6979027073281561,4.1601452472522285,-2.656583298404768,-2.2916692228557674,3.7541861227474644,-2.908819609018728,8.39375477546406,2.697033911815107,2.1799614160334713,-2.0505621203022932,8.588345396999692,0.4956968138564397,-3.4646114474102783,3.4738000796164803,0.44636452725328013,5.568231196562477,3.0061841824769893,-2.9367347187995527,-1.4711255785933175,2.3688936103467135,-0.8084964706308742,0.1056521641592818,7.059505985640202,4.085294845582805,-0.150721982502243,-4.071887709458047,-0.33385912465251266,-5.152817723418167,-4.074391083672369,-3.2438905483229883,1.6864046885382313,-2.5101994968791557,0.5366124031799946,-0.04380405814201449,-3.209673096872609,4.5680593419933615,0.35040985299696015,0.6640860981315848,3.4215720865688395,-5.137342058707733,2.033751619951105,-1.336799245362334,3.744192860766292,-7.898261792965081,1.0820630018248183,-0.14055924415398868,2.9410320669458927,-4.985827677165283,0.38249610874157014,-2.8986793026160944,12.481409110625624,-2.5928891347292966,-1.1231518552156192,-0.5056929132037782,2.4854110120131,0.48850028545282687,6.950091769585148,-5.775202763641669,1.224376695129049,-1.5786244420862703,-3.009626680054556,-0.08080413369009687,-2.3006905180099215
numHidden 	10
numGenes 	93
minGene 	-3.0
maxGene 	3.0
popSize 	200
maxEvaluations 	20000
tournamentSize 	50
mutateRate 	0.5
mutateChange 	1.0
seed 	1645466314539
random 	java.util.Random@7c3c2b6
neuralNetworkClass 	class coursework.EvolutionaryAlgorithm
Training Set Training
Fitness 0.01686674585541699