-11.882853731295718,-0.43450869979233664,-0.2744783028956683,0.7215226712874099,4.690183167975405,-1.6488830075423326,-1.296219105202428,9.01163969326345,4.838125280362922,0.31879266554604824,8.830069354481221,4.795677916773915,9.967439420271003,1.412695144858434,1.1047165241096,2.4758672621901523,-2.692812242477146,-1.0484223445656191,-1.4102815825583352,-9.483049044057275,2.5629975188595955,-6.412518930645557,1.500691446212115,5.630958947739858,6.463770359858215,0.40704512738184073,-10.674554959854936,12.896420273210362,-5.412460917132346,-3.0324063443091784,6.1163262024366425,7.982119198236701,9.796248643342778,5.112904092009293,2.6406018842140995,-6.958015774636119,-4.759907173849861,-3.3461953427375777,0.2977549950105782,-6.568316095743162,1.210396449896812,1.426478427907675,-7.375325148290443,2.1689874367212933,8.125897080419882,1.8565871949959103,-9.190660822221162,-1.9810669989668206,-6.369365910171105,4.960060590275264,-0.07931308305447793,-0.7686700525624675,1.1625172273334812,-0.2983658665097373,1.5369959428505648,-8.707894065855925,-0.5799984440544712,-1.1900485509297232,-4.882813513751974,0.5714967703704215,-6.089840837737897,-0.48672032346809946,7.8090808504438645,-7.538944714208332,1.2047949080993856,10.212625024092418,1.4257594358443146,-1.5120526775878016,1.6621134081187465,15.849265061637674,1.0457628715533183,0.9789799610011043,-1.8101962789220645,-1.3485464012990631,-4.895000648740609,2.1182991223467367,4.181597728062545,-0.1026821727054621,1.787422379687551,3.3354182746291716,-2.8143919238514084,3.6282726100790477,-7.408123227564108,-0.4632537506818766,-0.9313651348436709,-2.35225519397168,-6.064162785735955,-3.7272923678782997,1.9852170978929937,-5.7126576254546535,8.80144254909926,0.4641471774881749,-1.3501962340538824
numHidden 	10
numGenes 	93
minGene 	-3.0
maxGene 	3.0
popSize 	200
maxEvaluations 	20000
tournamentSize 	50
mutateRate 	0.5
mutateChange 	1.0
seed 	1645459367130
random 	java.util.Random@3cdc9ca
neuralNetworkClass 	class coursework.EvolutionaryAlgorithm
Training Set Training
Fitness 0.008230898348029203