4.95812192959968,6.2766022630463105,2.023266564440164,-3.8735862302524,0.28930742292738376,8.994930817847122,4.479015789557544,2.758983845613554,0.845736764895471,-6.6898437878233175,5.90284651419762,-3.170545877481251,-1.2779226348773638,-8.595131164792923,6.848083724284174,-0.7557993417782862,2.401335242206784,-3.9080438481859474,3.847847882595394,-1.9169772158169094,-2.4089234355569564,-2.032280800758633,0.09590930916660412,-14.29797984732824,5.013304474911336,-10.93870516647405,4.781608576047452,-9.077413670393971,-1.2993317391829864,-11.145166023282613,-3.5100840141171847,6.812809850846653,-2.947153433622473,1.171933347243446,0.4976210520679798,-0.34063737777075964,10.54562502764524,-7.507634140727863,2.154070360552936,3.2572587023442363,12.561354514944473,-3.250799808422947,-5.1702112044576545,0.6116581127369418,-0.6768480077370125,-11.207977343567688,4.867648814900352,-6.546685769484861,2.1157710904600684,-0.634830568513352,2.1406213266929193,0.5860815854771593,2.369590104672971,-11.991454277215773,1.0514353297231338,6.65160943946112,-1.5066384959655235,5.985374267743321,-0.38519657388199313,2.03832451005057,-3.361007781266716,-4.9378232840471386,2.5305189387429827,0.03462601443188085,-0.7596448947955214,7.345432922369978,1.3645871995084988,-5.656805845482316,-10.659245688278615,4.908173396129423,0.9042438451984616,2.390019496040262,-1.217134377479908,-4.393873324881497,-0.18457646123828653,-2.89641400334527,1.353493757092389,-4.519312466651352,2.177134225393594,-1.35294671570513,10.676054337005215,-6.152235001305312,7.887792932213998,5.928086372981789,-0.4676407437696355,4.482119041366476,7.546000894154267,0.49027597009294244,0.12145861485258003,-5.945162719361482,-6.046841406554605,-2.393112255430448,0.5269607230286937,7.167155493843289,-3.132257725168846,0.05197796595272397,4.3654270056125,-2.053133717866877,-0.9390152109205991,2.1157091733771374,-2.772892562512661,0.23411282369394293,1.0811271904859519,-3.0400045048889703,5.096456842929544,0.33127674204912516,0.08037774571196099,-6.6225940472507245,6.453541286948118,0.6282628088497271,-3.9252575440295674
numHidden 	12
numGenes 	111
minGene 	-3.0
maxGene 	3.0
popSize 	200
maxEvaluations 	20000
tournamentSize 	50
mutateRate 	0.5
mutateChange 	1.0
seed 	1645291056476
random 	java.util.Random@c7ddcc6
neuralNetworkClass 	class coursework.EvolutionaryAlgorithm
Training Set Training
Fitness 0.008630476518383211