-5.846942386512955,-5.053607612966726,3.3886936992346453,-0.6409830313012614,10.68415376676191,3.1748920290779488,0.43110412185583336,1.265907474331689,1.5697643483254247,3.2002049341473047,0.2822621623343258,0.7852111509456998,-4.66042862788976,0.4754160930269409,3.5506337492543887,-1.840411924083842,0.9775550909748145,0.6003257440141558,2.1880303422037706,7.151159864090644,-6.256884267491708,3.73496561612625,-2.36338502197341,4.938069290435635,0.6269203186438022,2.5567620685752193,3.792122224742875,0.22030427779967265,1.4973221448727427,-4.405953363230164,-5.064181765888787,1.018856622297914,-0.016564549962567288,5.743228150202777,11.121713074160876,-0.279355191785426,-2.6813214029414714,3.4390452712466892,-4.972980339511821,2.6774887212394844,0.7338397454205356,2.2498422809199132,-5.825503895585378,-5.612195885667157,4.402792373238373,-2.3133951999303672,-3.731955948654381,-1.0083715851339015,-4.387471386725094,-5.687562469677889,-8.35514787594077,1.7325365560271493,-4.818168426810136,-1.094478695730479,5.171077980674137,-0.31934798132625897,-4.307197682409928,-0.08077512002506637,-11.002028961701443,-0.7560797995927597,-4.504023534784054,0.31245574600333015,-1.4262947653280342,-4.701369333994906,-0.6140174090265336,-0.9331514414357871,-2.605555640078016,5.176278825284905,-0.8891359349065269,2.7594801944508482,3.779829155176353,-3.7065079890194514,-3.0531933783609047,-1.9740974314714324,-6.472706050925087,2.0150706026393834,-0.841250354335406,-3.1571241519069426,-0.598175799258803,-0.22871612453901768,0.2719185608878929,-4.709815382809621,-10.923914681172167,0.46174798122809957,2.53146465476346,-0.38194561573661634,-4.078681992455278,3.3198508798924315,0.7185123744039892,7.134582048752734,-3.8669956758465087,3.9346827189808877,2.72220635641375,-3.160368563780384,5.187576868445166,1.508295247787136,2.2575946625025303,-1.293744060258625,7.9604356394452775,-1.5055355268465864,-5.703089479958687,1.1728215604096328,6.357016326332532,-6.478999558858407,-1.8529450539574466,2.758608605617434,0.017640712916440204,-11.059002306804205,-7.341185923784659,-2.2472157309509737,-2.4466367972820304,4.489286610995618,5.793579897699473,-3.348755795847791,2.8540130261882144,3.3387003844182592,3.7010791596484047,-2.572067843796975,5.281113482616487,-2.643364456307448,-4.423153301443746,0.8268574618547984,3.0173479680293234,-1.4442604715365643,4.8709162786888225,2.6481349478453735,-1.5092767582491113,2.6134220904968055,1.9094354608933015,-6.52401174569583,-2.37443472059018,-2.0967571136701704,0.6686441940766787,-2.5412411280495033,2.6939713443749707,1.7370902528672065,-2.694104594602189,1.6005803300308008
numHidden 	15
numGenes 	138
minGene 	-3.0
maxGene 	3.0
popSize 	200
maxEvaluations 	20000
tournamentSize 	50
mutateRate 	0.3
mutateChange 	1.0
seed 	1645801706382
random 	java.util.Random@731a74c
neuralNetworkClass 	class coursework.EvolutionaryAlgorithm
Training Set Training
Fitness 0.007673456965617037
Fitness on Test 0.0074715891284795125
