-3.603546966572361,1.126391092659564,-0.18790651971208913,0.9660935621389707,0.5730734439834101,-1.8982109444423676,-1.5494267605403487,-0.45263428653670224,3.6166222509314516,1.1930998193268465,-1.2199479710698937,-2.238893170518673,1.2132896736717114,1.7136729421107417,-0.936211600055871,-1.8180125227987731,-2.300848739349319,-1.3500872300381064,0.39043486988431597,0.5499859801842906,-2.0472939737514486,2.1002044255341525,-0.9616012973713569,-1.682577923673784,-2.3361304521944755,1.3672339297748728,-2.76699124645603,-1.074353984012704,-0.8621909265043202,-3.49699447880695,-1.457818189662745,-0.6223180234582023,0.9134902092047655,-0.7382807635308758,2.521509758608719,-1.6772697612290806,-1.3142085362381095,-1.640966829563602,-2.927569664652806,1.7055421324575404,-1.5834750144755472,2.4670919101636524,-1.682625918580222,-2.9417056704218183,2.003686729606096,-1.6069378574739193,-2.2764836638640022,-1.2753046546966376
numHidden 	5
numGenes 	48
minGene 	-3.0
maxGene 	3.0
popSize 	200
maxEvaluations 	20000
tournamentSize 	50
mutateRate 	0.2
mutateChange 	0.1
seed 	1645289314222
random 	java.util.Random@4c6d690
neuralNetworkClass 	class coursework.EvolutionaryAlgorithm
Training Set Training
Fitness 0.024169035332404654