1.1716993996278813,-5.820198800031739,0.5860419672297406,-5.72378985960387,10.240741579147286,0.02824237996165202,2.7622834253064563,-2.9910593166375925,1.1856383993570372,1.7230676995059762,3.0562305277429456,0.12017562219964217,-4.440232906028818,-2.325576145176475,2.849560030415577,0.08887574306685009,2.4248551541704337,5.252312675435617,6.2761713044091305,6.586234276716912,2.6933877062736693,4.929232999782304,-6.0132572035924525,1.6446163361986033,-4.023812514886567,-1.2969376489864972,5.755587560734445,-11.447979345198707,2.9487746948412017,-1.9269309536879886,-2.8231837115083427,-1.2482111721515374,9.701291976408049,-3.7850112736001096,-0.13326074039815072,5.869082717697951,1.925449048211357,-0.18835473688157478,0.6968608867538642,-9.735052273173848,-0.8818886165279345,3.2436488836928383,-10.37326005008353,8.23557649102101,0.2448337038902677,-0.4697564231064355,-0.3115855548546147,-4.871314554817844,-0.49219309516455034,4.53342850909738,0.5940082443728798,-4.759287640031991,-2.99863851805429,13.499020942015441,-6.704438836995124,-0.6121613368795833,0.1143406054808409,-3.993620037131441,-3.378956616413528,-3.4893573285541573,-4.447670355682575,2.834050469636151,-0.15706005285178204,0.5764780257221078,-0.19610195994402968,1.1216409584841935,-5.294289082688811,-0.2781580197981737,2.7636863114921475,-6.481210620943116,2.0458550877732335,1.665370781275346,0.0513357823394891,1.7601224382500558,-11.316772940787391,3.0571135189482606,1.3289376562282005,-2.7093415641381737,-2.2553196807807225,-4.7523978511421285,-0.3791557776675738,-10.810848516724082,5.001028505877872,-6.402428924318819,10.278361597715396,-2.302579038900525,-0.8442580948515168,5.142043013310824,-5.1919893497188205,1.1617586943913514,7.318715516572255,-4.192484873312642,2.29571830166312,1.1280499651864364,2.1308684664273763,14.094351925721327,2.6104720502310697,4.70529628427108,-5.824744016803013,-0.685341544565385,-6.040358712547449,0.12276903213060741,-1.5822039924049305,1.7551991416624642,1.6943432035616635,-0.3459254260971125,-8.534362562408049,2.851729282077806,1.526900207805097,-6.233043821698919,-1.586385972646073
numHidden 	12
numGenes 	111
minGene 	-3.0
maxGene 	3.0
popSize 	200
maxEvaluations 	20000
tournamentSize 	50
mutateRate 	0.5
mutateChange 	1.0
seed 	1645289861959
random 	java.util.Random@1d50a5f3
neuralNetworkClass 	class coursework.EvolutionaryAlgorithm
Training Set Training
Fitness 0.007810176231349206